[3, 20, 38, 55]
[98, 20, 133, 55]
[203, 20, 238, 55]
[298, 20, 333, 55]
[403, 20, 438, 55]
[498, 20, 533, 55]
[603, 20, 638, 55]
[698, 20, 733, 55]
[3, 110, 38, 145]
[98, 110, 133, 145]
[203, 110, 238, 145]
[298, 110, 333, 145]
[403, 110, 438, 145]
[498, 110, 533, 145]
[603, 110, 638, 145]
[698, 110, 733, 145]
[3, 165, 38, 200]
[98, 165, 133, 200]
[203, 165, 238, 200]
[298, 165, 333, 200]
[403, 165, 438, 200]
[498, 165, 533, 200]
[603, 165, 638, 200]
[698, 165, 733, 200]
[3, 220, 38, 255]
[98, 220, 133, 255]
[203, 220, 238, 255]
[298, 220, 333, 255]
[403, 220, 438, 255]
[498, 220, 533, 255]
[603, 220, 638, 255]
[698, 220, 733, 255]
[3, 275, 38, 310]
[98, 275, 133, 310]
[203, 275, 238, 310]
[298, 275, 333, 310]
[403, 275, 438, 310]
[498, 275, 533, 310]
[603, 275, 638, 310]
[698, 275, 733, 310]
[3, 365, 38, 400]
[203, 365, 238, 400]
[403, 365, 438, 400]
[603, 365, 638, 400]