[0, 20, 35, 55]
[165, 20, 200, 55]
[200, 20, 235, 55]
[365, 20, 400, 55]
[400, 20, 435, 55]
[565, 20, 600, 55]
[600, 20, 635, 55]
[765, 20, 800, 55]
[0, 90, 35, 125]
[165, 90, 200, 125]
[200, 90, 235, 125]
[365, 90, 400, 125]
[400, 90, 435, 125]
[565, 90, 600, 125]
[600, 90, 635, 125]
[765, 90, 800, 125]
[0, 145, 35, 180]
[165, 145, 200, 180]
[200, 145, 235, 180]
[365, 145, 400, 180]
[400, 145, 435, 180]
[565, 145, 600, 180]
[600, 145, 635, 180]
[765, 145, 800, 180]
[0, 200, 35, 235]
[165, 200, 200, 235]
[200, 200, 235, 235]
[365, 200, 400, 235]
[400, 200, 435, 235]
[565, 200, 600, 235]
[600, 200, 635, 235]
[765, 200, 800, 235]
[0, 255, 35, 290]
[165, 255, 200, 290]
[200, 255, 235, 290]
[365, 255, 400, 290]
[400, 255, 435, 290]
[565, 255, 600, 290]
[600, 255, 635, 290]
[765, 255, 800, 290]
[0, 415, 160, 450]
[160, 415, 320, 450]
[320, 415, 480, 450]
[480, 415, 640, 450]
[640, 415, 800, 450]
