[35, 10, 95, 65]
[235, 10, 295, 65]
[435, 10, 495, 65]
[635, 10, 695, 65]
[35, 80, 95, 135]
[235, 80, 295, 135]
[435, 80, 495, 135]
[635, 80, 695, 135]
[35, 135, 95, 190]
[235, 135, 295, 190]
[435, 135, 495, 190]
[635, 135, 695, 190]
[35, 190, 95, 245]
[235, 190, 295, 245]
[435, 190, 495, 245]
[635, 190, 695, 245]
[35, 245, 95, 300]
[235, 245, 295, 300]
[435, 245, 495, 300]
[635, 245, 695, 300]
[0, 405, 60, 460]
[146, 405, 206, 460]
[292, 405, 352, 460]
[438, 405, 498, 460]
[584, 405, 644, 460]    